Class 0:
[[ 6.00956506e-01  5.15866517e-05  1.90589145e-02  1.92529876e-02 1.28039402e-02 -1.34721598e-02]
 [ 5.15866517e-05  1.44722543e+00 -1.61340110e-02 -1.58561474e-02-2.64529141e-02  2.29139833e-02]
 [ 1.90589145e-02 -1.61340110e-02  5.65348901e-01 -1.84344435e-03 -6.91446277e-03  1.68928322e-02]
 [ 1.92529876e-02 -1.58561474e-02 -1.84344435e-03  5.41615202e-01 5.25171375e-03  1.35717775e-02]
 [ 1.28039402e-02 -2.64529141e-02 -6.91446277e-03  5.25171375e-03 6.96067641e-01  1.58438399e-02]
 [-1.34721598e-02  2.29139833e-02  1.68928322e-02  1.35717775e-02 1.58438399e-02  6.86519710e-01]]

Class 1:
[[ 1.44809527e+00 -1.47222433e-02  5.57010301e-03  1.57415883e-02 1.94971163e-02 -1.76682539e-04]
 [-1.47222433e-02  5.53390796e-01 -1.12168681e-02 -9.06473359e-03-1.46589901e-02  1.63492048e-02]
 [ 5.57010301e-03 -1.12168681e-02  5.57480229e-01  2.75609663e-02 -3.76966451e-03 -1.45976943e-02]
 [ 1.57415883e-02 -9.06473359e-03  2.75609663e-02  5.69657013e-01 -1.16983404e-02  3.49931863e-02]
 [ 1.94971163e-02 -1.46589901e-02 -3.76966451e-03 -1.16983404e-02 1.34201767e+00  1.69454096e-02]
 [-1.76682539e-04  1.63492048e-02 -1.45976943e-02  3.49931863e-02 1.69454096e-02  1.30371880e+00]]